0.000338
7.4e-05
0.001068
0.002108
0.006484
0.000264
0.000114
0.002084
0.001134
0.000194
0.002038
0.001658
0.00728
7.6e-05
0.002646
0.002486
0.001194
0.00165
1.6e-05
0.000368
0.002062
0.00026
0.007902
0.001504
0.003884
0.003824
0.000428
0.000586
0.002826
0.00187
0.000696
0.000374
0.001798
0.005296
0.003342
0.002792
0.008156
0.0018
0.001506
0.006666
0.005946
0.000972
0.001702
0.000306
0.003452
0.004526
0.000324
0.00497
0.000486
0.00255
0.002362
0.00037
0.009116
0.000554
0.00071
0.000188
0.000968
0.001402
0.001652
0.00754
0.001018
0.016096
4.4e-05
7.6e-05
0.004674
0.001264
0.000504
0.003058
0.005164
0.000306
0.00163
0.007004
0.001722
0.00138
0.000308
0.002664
0.001048
0.001196
1.4e-05
0.003
0.005844
0.001634
0.000204
0.003162
0.002256
0.002484
9.6e-05
0.000228
0.002784
0.002232
0.002602
0.001852
0.0019
0.00227
0.00924
0.001734
0.003154
0.00609
0.001836
0.002714
0.000378
0.001746
0.001024
0.000664
0.000264
0.000534
0.004218
0.000136
0.001976
0.000276
0.00017
0.00271
0.000346
0.00045
0.003842
0.00279
0.000578
0.00113
0.00059
0.000374
0.002582
0.000522
0.00067
0.000168
0.000212
0.000718
0.000152
0.000436
0.00022
0.0026
0.00016
0.000876
0.001256
0.001556
0.002204
0.002406
0.002612
0.000592
0.000154
0.003346
0.006106
0.001152
5.4e-05
0.000786
0.00124
0.000378
0.001196
3.4e-05
0.001082
0.002662
0.000512
0.009826
0.001216
0.006542
0.00853
0.007332
0.0007
0.001054
0.000172
0.004624
0.000224
0.005748
0.000978
0.004192
0.00411
0.001212
0.001002
0.001774
0.004522
0.001452
0.003388
0.000144
0.006644
0.00225
0.000718
0.000344
0.001002
0.001902
0.000194
3.4e-05
0.001262
0.004446
0.00386
0.00097
0.00424
0.003382
0.001896
0.003864
0.00139
0.002564
0.002904
0.000738
0.001582
0.003398
0.000926
0.001044
0.002282
0.00103
0.0002
0.000382
0.002492
0.000452
0.000922
0.002518
0.0015
0.000318
0.000338
0.00082
0.000786
0.00204
0.000584
0.001576
0.000952
0.000318
0.001374
0.003516
0.003236
0.00072
0.002344
0.007686
0.002356
0.00094
0.005712
0.001412
7.8e-05
0.0029
0.000638
0.001942
0.000812
0.00124
0.001994
0.000742
0.0018
0.000876
0.000126
0.001682
0.000988
0.00034
0.008842
0.006064
0.000974
8.4e-05
0.00124
0.001926
0.00384
0.000174
0.002268
0.00119
0.000962
0.00108
0.003926
0.000722
0.000364
0.000718
0.001512
0.00237
0.002794
0.000908
0.003076
0.001334
0.000886
4.4e-05
0.001328
0.000698
0.000656
0.00024
0.0016
0.00332
0.001994
0.00246
0.001052
0.00101
0.001904
0.000186
0.000432
0.00172
0.000706
0.000986
0.001116
0.002856
0.000472
0.00373
0.002494
0.000158
0.000908
0.000798
0.001364
0.004916
0.001956
0.00239
0.001934
0.000398
0.000658
0.003072
0.003076
2.4e-05
0.002004
0.002058
0.0025
0.000896
0.001462
0.00058
0.00226
0.000376
0.001894
0.003504
0.001738
0.000826
0.0039
0.00305
0.000648
0.0018
0.000938
0.00149
0.001334
0.000868
0.006808
0.0024
0.004492
0.000274
0.0054
0.001584
0.001782
0.000158
0.00125
0.01293
0.001056
0.001314
0.000864
2e-06
0.001314
0.002458
0.001808
0.000214
0.001928
0.002152
9.2e-05
0.00069
0.00143
0.006768
0.002022
0.001812
0.000936
0.000534
0.002142
0.003568
0.002006
0.001774
0.003052
0.000552
0.004958
0.003662
0.003142
0.00018
0.001678
0.003238
0.002072
0.000558
0.005428
7e-05
0.000804
0.001148
0.00078
0.009212
0.00113
0.001928
0.00238
5.2e-05
6e-05
0.000444
0.00817
0.001024
0.000252
0.00109
0.001032
0.00218
0.002422
0.000152
0.001002
0.006734
0.00815
0.001824
6e-05
0.002902
0.000616
0.00314
0.00053
0.001052
0.004998
0.006122
0.00027
0.003922
0.006706
0.003192
0.004994
0.00227
0.003206
0.00147
0.003136
0.00232
0.000506
0.007676
0.000212
0.000234
0.00474
0.00032
0.00795
0.001596
0.000388
0.00191
0.004658
0.000772
0.001684
0.00112
0.00392
0.009364
0.0021
0.00061
0.000922
0.001498
7.8e-05
0.000888
0.001744
0.001538
0.001414
0.004188
0.006506
0.001016
0.000928
0.000864
0.000196
0.002162
0.001366
0.003252
0.001338
0.000144
0.0054
0.000206
0.000782
0.000742
0.010416
0.000712
0.000296
0.003386
0.00036
0.00418
0.002278
0.000498
0.003454
0.001452
0.001234
0.001264
0.000288
0.00018
0.00065
0.002702
0.001148
0.005902
0.00153
0.002884
0.00283
0.000916
0.001786
0.0006
0.00247
0.000898
0.001338
0.006672
0.006756
4e-06
0.000402
8e-06
0.001368
0.008826
0.00049
0.001656
0.00038
0.008466
0.000938
0.000854
0.001042
0.01036
0.00084
0.005302
0.00108
0.00356
0.00175
0.001144
0.004756
0.00376
0.006314
0.000922
0.00332
0.004334
0.001612
0.001552
0.003174
0.001678
0.003456
0.001548
8.4e-05
0.00191
9e-05
0.003832
0.000258
0.001556
0.002176
0.003674
0.001086
0.005546
0.011414
0.000794
0.000206
0.002728
0.003992
0.003862
0.000828
0.000466
0.001594
0.002226
0.009642
0.001242
0.003934
0.006564
0.00129
0.00156
0.001836
0.001914
0.001012
0.00087
9.2e-05
0.001084
0.003682
0.003126
0.00226
0.00034
0.00027
0.001598
0.003646
0.000158
0.000854
0.000386
0.003764
0.000478
0.001512
0.001584
0.001564
0.000352
0.0009
0.002378
0.00304
0.000352
0.00025
0.001014
0.000132
0.000808
0.000338
0.000746
0.000714
0.001618
0.009012
0.001566
0.00045
0.000554
0.000696
0.004874
0.001274
0.00201
0.001996
0.002148
0.001538
0.000496
0.00285
0.000938
0.001298
0.00272
0.001392
0.001082
0.001366
0.002644
0.000106
0.00273
0.0016
0.005738
0.007438
1.8e-05
0.002472
0.001462
0.000186
0.000336
0.000202
0.0005
0.0005
0.005104
0.002054
0.000628
0.000732
9.2e-05
0.002322
0.00071
0.002806
0.001114
0.00289
0.002212
0.001102
2.2e-05
0.003348
0.002058
0.009826
0.000236
0.001438
0.000302
0.003336
0.00076
0.003738
0.002672
0.00473
0.000958
0.003458
0.001228
0.001324
0.000638
0.008818
0.004072
0.000598
0.002134
0.00086
4.6e-05
0.000506
0.001422
0.003234
0.00311
4.2e-05
0.002316
0.005296
0.003974
0.000328
0.001256
0.002932
0.00046
0.001058
1.6e-05
0.001222
6e-05
0.001944
0.002958
0.00671
0.00262
0.004794
0.003196
0.001744
0.007166
0.00177
0.000858
0.00154
0.006268
0.001936
0.000142
0.007614
0.001968
0.011872
0.002866
0.002836
0.002878
0.002978
1e-05
0.002238
0.0012
0.00159
0.003088
0.00232
0.001994
0.001132
0.000962
0.001434
0.000292
0.010408
0.0026
0.000406
0.000402
0.002268
0.000296
0.00074
0.0046
0.001522
0.000862
5.4e-05
0.000534
0.001474
