0.005862
0.003234
0.005326
0.000276
0.003578
0.00239
0.002434
0.002466
0.002994
0.000112
0.001826
0.001782
0.002678
0.001016
0.001036
6e-05
0.004766
0.000362
0.003288
8.4e-05
0.000154
3.4e-05
0.000734
0.005712
0.000498
0.000562
0.00013
0.00032
0.001232
0.004182
0.010034
0.000964
0.001596
0.004568
0.003716
0.002548
0.000766
0.001486
0.003792
0.001794
0.000998
0.001084
0.005408
0.001714
0.000774
0.002896
0.000446
0.000454
0.000148
0.0034
0.00112
0.001236
0.001692
0.002462
0.003194
0.000554
0.000658
0.001298
0.000392
0.00172
0.000106
0.005256
0.002788
0.000504
0.002288
0.003594
0.001292
2.4e-05
0.000264
0.003248
0.000966
0.001648
0.001786
0.000914
0.00165
0.000598
0.003406
0.001146
0.000534
0.000276
0.001732
0.002356
0.001134
9.2e-05
0.001284
0.0013
0.004842
0.001888
3e-05
0.000368
0.000976
0.002288
0.000834
0.000156
0.000372
0.00117
0.000788
0.000706
0.001102
0.004194
0.00632
0.002788
0.000796
0.000572
0.002306
0.001864
0.000918
3.4e-05
0.006408
0.002426
0.001996
0.009516
0.001686
0.001926
0.001652
0.006124
0.001298
0.00511
0.001478
0.0008
0.003058
0.000384
0.001016
0.000496
0.001828
0.002452
0.00348
0.003234
0.001248
0.00236
0.001962
0.00201
0.003854
0.002644
8.8e-05
0.004374
0.000866
0.00238
0.002174
6.2e-05
0.005262
0.00381
0.00349
0.00621
0.000428
0.005348
0.001606
1e-05
0.00231
0.008166
0.000482
0.0015
0.001128
0.002422
0.00122
0.00365
0.001138
0.000798
0.000614
0.000748
0.003316
0.001378
6.2e-05
0.001624
0.000262
0.000624
0.004234
0.000138
0.000702
0.002794
0.001594
0.001772
0.00185
0.001294
0.0012
0.00067
0.003758
0.00253
0.000132
0.004028
0.001028
0.000958
0.000134
0.001406
0.000192
0.006022
1.8e-05
0.00052
0.000342
2.4e-05
0.00051
0.005902
0.00138
0.002344
0.000742
0.00044
0.005896
0.002308
2.6e-05
0.000144
0.001486
0.001246
0.001156
0.005438
0.000822
0.000824
0.002254
0.000986
0.00173
0.001772
0.00011
0.003326
0.000774
0.002148
0.006278
0.00072
0.001446
0.002846
0.000126
0.00032
0.00029
0.000126
0.003006
0.000108
0.005572
0.005802
0.000534
0.000394
0.000796
0.004036
0.000348
0.002044
0.0022
0.003314
0.00246
0.002564
0.001112
0.000218
0.006326
0.002228
0.00038
0.002672
0.000696
0.002576
0.001258
0.001638
0.0025
0.002174
0.00357
0.000174
0.003582
0.001382
0.00065
0.000288
0.003316
0.006186
8.8e-05
0.001678
0.002996
0.00049
0.00071
6e-06
0.00781
0.000838
0.003434
0.00111
0.000232
0.000168
0.004952
0.00273
0.001196
0.00387
0.00362
0.00204
0.002268
0.00055
0.000448
0.00168
0.002324
0.001954
0.000962
0.000906
0.001556
0.000436
0.00058
0.001568
0.004468
0.00043
0.000246
0.000992
0.00086
0.001874
5.2e-05
0.009116
0.00069
0.000632
0.00521
0.001858
0.003258
0.005366
5e-05
0.001096
0.000198
0.00041
0.000944
0.00337
0.001986
0.006028
0.001016
0.003138
8e-06
0.000602
0.003852
0.001868
0.000814
0.002126
5.4e-05
0.001096
7.4e-05
0.001236
0.00346
0.000732
0.000438
0.000124
0.000546
0.002624
0.001196
0.000536
0.001052
0.003748
0.002236
0.001376
0.003002
9.8e-05
0.001902
6.4e-05
0.0014
0.000952
0.000572
0.006494
0.00056
0.001862
0.000736
0.001238
0.000916
0.000716
0.00062
0.000938
0.001276
0.00152
0.00244
0.000564
0.002356
4.2e-05
0.00051
0.004022
0.004544
0.001352
0.002584
0.004508
0.00059
0.001274
0.001864
0.00258
0.001892
0.003454
0.005166
0.00779
0.000318
0.001726
0.000754
1.6e-05
0.004482
0.00169
0.001008
0.000968
0.000888
0.00318
0.005254
0.003036
0.000212
0.0016
0.002826
0.000962
0.002302
0.00294
0.002674
0.00053
0.003564
0.000846
0.001212
0.011394
0.001084
0.000898
0.00341
0.001794
0.001086
0.00193
0.007592
0.001068
0.00129
0.001124
0.004412
0.000538
0.003526
0.00436
0.00048
0.005396
0.002366
0.001006
0.001866
0.000572
0.000496
0.00178
0.001022
0.000184
0.00282
0.00229
0.00078
0.001356
0.000356
0.00382
0.006772
0.000396
0.000564
0.00227
0.000242
0.000368
0.00068
0.000586
0.0012
0.008042
0.003426
0.001488
0.001488
0.000484
0.001444
0.000458
0.002564
0.00036
0.00312
0.001282
0.001758
0.001174
0.000912
0.007144
0.000848
0.000714
0.000978
0.000184
0.002012
0.001938
0.000342
0.00206
0.00112
0.000608
0.001888
0.001288
0.001882
0.001274
8.4e-05
5.2e-05
0.0029
0.006156
0.004138
0.002894
0.00087
6e-06
0.003642
0.002032
0.001618
0.003572
0.002562
0.001584
0.003876
0.001634
0.000596
0.000834
1.8e-05
0.001108
0.00081
0.000324
0.000262
2.2e-05
0.000642
0.0028
0.004588
0.002194
0.000132
0.001288
0.003596
0.000756
0.003202
0.000396
0.000196
0.003564
0.002642
0.000598
0.003028
0.004328
0.001564
0.001376
0.001126
0.001196
0.00082
0.000726
0.00708
0.000268
0.002766
0.000406
0.005836
0.002492
0.00153
0.00206
1.2e-05
0.001696
0.00467
0.001534
0.003272
0.000476
0.002706
0.002306
0.001008
0.002004
0.000766
0.00295
0.002448
8e-05
0.00029
0.003226
0.001434
0.000864
0.00131
0.000328
0.004718
0.000994
5.2e-05
0.001054
0.00051
0.001658
0.001388
0.002774
0.00084
0.000634
0.00199
0.002682
0.000724
0.000174
0.00324
0.001144
0.000528
0.000364
0.000836
0.000688
0.000546
0.001724
0.00347
0.003796
0.006672
9.6e-05
0.001542
0.001188
0.000696
0.00113
3e-05
0.003106
0.001038
0.00067
0.001264
0.004592
0.006738
0.000688
0.001462
2.8e-05
0.001166
6.8e-05
0.001126
0.00612
0.002984
0.000212
0.001982
0.000608
0.002102
0.00392
0.00015
0.007404
0.004586
0.000776
0.002342
0.001562
0.00398
0.000794
0.002624
0.00115
0.00461
0.0005
0.000646
0.002316
0.003482
0.00051
0.004904
0.001306
0.006086
0.001702
0.000126
0.000362
0.000102
0.000658
0.001334
0.00139
0.003658
0.002388
0.007684
0.001028
0.000966
0.000374
0.001204
0.001984
0.001592
0.003392
0.001938
0.002806
0.000826
0.000566
0.00114
0.001894
0.000352
0.000406
0.00324
6e-05
0.00219
0.00129
0.000978
0.000978
0.000738
0.001682
0.001082
0.001716
0.000916
0.000154
0.001922
0.001124
0.002408
0.002096
0.006336
0.000378
0.003326
0.004382
0.001366
0.000588
0.00111
0.000446
0.001886
0.000506
0.001902
8e-06
0.002704
0.003264
7.6e-05
0.003788
0.00285
0.00292
0.005144
0.000722
0.000266
0.002362
0.000928
0.003134
0.000268
0.00021
0.000414
0.002098
0.00025
0.000916
1.2e-05
0.000154
0.001616
0.00421
0.001834
0.00011
0.00036
0.001674
0.00156
0.004174
0.002682
0.00031
0.000544
0.000232
0.002694
0.001008
0.000148
0.005816
0.00596
9.4e-05
0.002234
0.00197
0.001218
